59
1.00000000e-01
1.23000000e-01
1.27122932e-01
1.31384063e-01
1.35788027e-01
1.40339610e-01
1.45043761e-01
1.49905595e-01
1.54930396e-01
1.60123627e-01
1.65490934e-01
1.71038152e-01
1.76771312e-01
1.82696646e-01
1.88820595e-01
1.95149818e-01
2.01691195e-01
2.08451837e-01
2.15439095e-01
2.22660564e-01
2.30124095e-01
2.37837801e-01
2.45810070e-01
2.54049567e-01
2.62565250e-01
2.71366377e-01
2.80462515e-01
2.89863554e-01
2.99579714e-01
3.09621557e-01
3.20000000e-01
4.28140000e-01
6.95207431e-01
1.12886760e+00
1.83303859e+00
2.97646109e+00
4.83313372e+00
7.84797142e+00
8.00000000e+00
1.03146304e+01
1.32989501e+01
1.71467194e+01
2.21077593e+01
2.85041708e+01
3.67512484e+01
4.73844431e+01
6.10941274e+01
7.87704182e+01
1.01560969e+02
1.30945483e+02
1.68831783e+02
2.17679680e+02
2.80660682e+02
3.61863901e+02
4.66561550e+02
6.01551245e+02
7.75597347e+02
1.00000000e+03
1.00010000e+03